<1>
0 1 2
<2>
0 2 5
1 4 41
3 8 17
7 8 193
<3>
0 1 2
<4>
4 8 17
0 5 11
1 5 61
3 10 1181
18 20 42521761
8 40 14401
2 15 31
7 15 271
12 15 4561
4 25 151
9 25 8951
14 25 391151
19 25 22996651
24 50 101
49 50 394201
<5>
0 1 2
<6>
0 3 7
1 3 13
2 6 73
5 12 6481
11 24 97
23 24 577
<7>
0 1 2
<8>
1 2 5
0 7 547
1 7 1093
2 14 29
4 14 16493
6 28 430697
20 28 647753
10 42 2857
24 42 109688713
38 84 337
80 84 673
12 70 28596961
26 70 32839661
40 70 94373861
54 140 281
124 140 18481
68 140 369879560116990841
138 140 3353336738929580410561