<1>
0 3 37
1 6 13
2 9 333667
5 18 19
14 18 52579
8 27 757
17 27 440334654777631
26 54 70541929
53 54 14175966169
4 12 9901
10 24 99990001
22 72 3199044596370769
46 72 3169
70 72 98641
<2>
0 1 3
<3>
4 6 7
3 8 73
0 11 21649
1 11 513239
10 16 17
2 22 23
13 22 4093
3 22 8779
14 44 89
36 44 1052788969
15 33 67
26 33 1344628210313298373
37 66 599144041
38 132 5419170769
126 132 789390798020221
60 132 2361000305507449
5 88 617
49 88 16205834846012967584927082656402106953
104 264 2377
236 264 16369
71 264 432961
159 264 6796152793
247 264 24387741577
6 55 1321
17 55 62921
28 55 83251631
39 55 1300635692678058358830121
50 110 331
105 110 5171
7 110 20163494891
62 110 318727841165674579776721
18 220 661
73 220 18041
128 220 148721
183 220 1121407321
40 275 7151
95 275 15401
150 275 59951
205 275 2495283264895779020253203931608951
260 275 6069650333889644423896816835276507778804898705650161138729963603757211141984131085449988328049514249213169785004014797295919583814686411189300687347453551
29 165 471241
84 165 138267770127916457629034873443951
139 165 1703548913892494075097664562023844278044121
51 220 1395900370916327245555441901
161 220 36380545029953205956377406702261
106 330 4124507971
216 330 19835636682880495867311241
326 330 1112314101311286003379752617807870409611285281
8 77 5237
19 77 42043
30 77 29920507
41 77 136614668576002329371496447555915740910181043
52 154 463
129 154 24179
63 154 590437
140 154 7444361
74 154 4539402627853030477
151 154 4924630160315726207887
9 99 199
20 99 397
31 99 34849
42 99 362853724342990469324766235474268869786311886053883
53 198 7093127053
152 198 141122524877886182282233539317796144938305111168717
64 396 79082656489
163 396 1538607523068637497164701
262 396 8218476795659338409712353841905411607826230659151143998522545586866704239099075512109
361 792 761113
757 792 99677548081
75 297 55243
174 297 198397
273 297 1981560241
86 297 31600574312077
185 297 165426670443186506567467
284 297 7907009307594694001053552000588658391100974093457603716419437
97 594 7129
196 594 8927244623941181398233253
295 594 1866763546567680996103417376059
394 594 112970308382439859401726947341740704554951737408511354573
493 594 74507557122096964531006066514788984423438931950911932421947947339
592 1188 765144469
1186 1188 3205591041505249
10 121 15973
21 121 38237
32 121 274187
43 121 597149176209530412360795391497657340159943421992502538230831481682232969649167277637825641074323

54 242 4357
175 242 25169
65 242 1485397
186 242 102502981431359171598893
76 242 544471001372579296332291652675646774644208265246405598834086237345292487
197 484 56629
439 484 170369
87 484 29606281
208 484 1491164086760128255001869
329 484 209363088773816814667969748813613304559806235889961
450 484 112140147722111043368115238376781750396610212197485327927551327238484846570899558676962628229357741668578262708884771183293753569
98 363 622001227
219 363 1830142890743707
340 363 5160868930485515110885377938636202783672029518450934426716029249879502627
109 726 727
230 726 1453
351 726 3481311540961
472 726 230011192907385746489206818568311532935807860401402800698998509497721478420289331088499239362108691
593 1452 100000000000000000000009999999999999999999999999999999999999999999899999999999999999999990000000000000000000000000000000000000000000100000000000000000000009999999999999999999999999999999999999999999899999999999999999999989999999999999999999999000000000000000000000000000000000000000000010000000000000000000000999999999999999999999999999999999999999999989999999999999999999999000000000000000000000000000000000000000000010000000000000000000001
1319 4356 949609
2771 4356 384538969
4223 4356 5158696374674183881
714 2904 10000000000000000000000000000000000000000000099999999999999999999999999999999999999999999999999999999999999999999999999999999999999989999999999999999999999999999999999999999999900000000000000000000000000000000000000000000000000000000000000000000000000000000000000010000000000000000000000000000000000000000000099999999999999999999999999999999999999999999999999999999999999999999999999999999999999989999999999999999999999999999999999999999999899999999999999999999999999999999999999999999000000000000000000000000000000000000000000000000000000000000000000000000000000000000000100000000000000000000000000000000000000000000999999999999999999999999999999999999999999999999999999999999999999999999999999999999999899999999999999999999999999999999999999999999000000000000000000000000000000000000000000000000000000000000000000000000000000000000000100000000000000000000000000000000000000000001
1440 2904 1
2166 5808 21582529
5070 5808 114690577
2892 5808 48098483178241
5796 5808 6494093841867564769
120 605 9666954991
241 605 21625031530930076049789324174801789788831
362 1210 10891
967 1210 131891
483 1210 100000000000999999999999999999999999999999999999999999989999999999900000000000000000000000000000000000000000000999999999999999999999899999999999999999999999999999999900000000000000000000010000000000000000000000000000000010000000000000000000000000000000009999999999999999999998999999999999999999999999999999999000000000000000000000099999999999999999999999999999999999999999998999999999990000000000000000000000000000000000000000000100000000001
1088 1210 1
604 2420 1006721
1209 2420 2323201
1814 2420 1754328181
2419 2420 151620139001
<4>
0 2 11
1 6 7
1 16 17
9 16 5882353
3 32 353
11 32 449
19 32 641
27 32 1409
5 32 69857
23 48 9999999900000001
13 64 19841
21 64 976193
29 64 6187457
45 64 834427406578561
15 96 97
39 96 206209
63 96 66554101249
87 96 75118313082913
53 128 15343168188889137818369
117 128 515217525265213267447869906815873
61 128 1265011073
47 192 193
95 192 769
143 192 1253224535459902849
191 192 53763491189967221358575546107279034709697
125 256 257
253 256 15361
<5>
0 1 3
<6>
0 5 41
1 5 271
2 10 9091
3 20 3541
13 20 27961
7 30 211
17 30 241
27 30 2161
8 40 5964848081
28 40 1676321
18 60 61
38 60 4188901
58 60 39526741
4 15 31
9 15 2906161
14 45 238681
29 45 4185502830133110721
44 90 29611
89 90 3762091
<7>
1 2 11
2 4 101
0 8 73
4 8 137
<8>
0 1 3
<9>
0 7 239
1 7 4649
2 21 43
9 21 1933
16 21 10838689
3 14 909091
10 28 29
24 28 281
4 35 71
11 35 123551
18 35 102598800232111471
25 70 4147571
60 70 265212793249617641
32 105 30703738801
67 105 625437743071
102 105 57802050308786191965409441
5 42 127
26 42 2689
12 42 459691
33 84 226549
75 84 4458192223320340849
19 63 10837
40 63 23311
61 63 45613
6 28 121499449
13 56 7841
41 56 127522001020150503761
20 140 421
48 140 3471301
76 140 13489841
104 140 60368344121
132 140 848654483879497562821
27 112 113
83 112 73765755896403138401
55 168 11189053009
111 168 603812429055411913
167 168 148029423400750506553