<1>
4 6 31
0 9 19
6 9 2467
1 12 13
7 12 97
3 18 46441
12 36 73
30 36 541
2 3 43

<2>
0 2 7
1 4 37
3 8 1297
7 16 17
15 16 98801

<3>
0 1 5

<4>
0 5 311
1 10 11
6 10 101
2 15 1171
7 15 1201
12 45 2161
27 45 112771
42 45 19353635731
3 20 241
8 20 6781
13 40 41
33 40 68754507401
18 60 61
38 60 74161
58 60 181
4 25 18198701
9 25 40185601
14 50 3655688315536801
39 100 343801
89 100 22243201
19 75 601
44 75 82051
69 75 271041511600591342728451
24 125 9536585501
49 125 117811792772681609501
74 125 105875321588567599765751
99 125 1098445767808750903973251
124 250 251
249 250 751

<5>
1 2 7
2 6 31
4 12 13
10 24 1678321
22 48 5953
46 48 473896897
0 36 55117
6 72 577
42 72 3313
12 72 2478750186961
48 144 22452257707354557235348829785471057921
120 288 115777
264 288 31057921
18 108 109
54 108 591841
90 108 171467713
24 108 932461936453
60 216 433
168 216 115963921
96 216 8781208996949976153601
204 216 241282001155985351966017
30 180 9001
66 180 211501
102 180 2106930961
138 180 5597780112726834061
174 540 4861
354 540 39326041
534 540 51353541541