<1>
0 1 2

<2>
0 1 5

<3>
0 1 2

<4>
0 2 3
1 4 61
3 8 7321
7 16 17
15 16 6304673

<5>
0 1 2

<6>
0 3 7
1 3 19
2 6 37
5 12 13
11 12 1117

<7>
0 1 2

<8>
1 2 3
0 5 3221
2 10 13421
4 20 212601841
14 40 41
6 30 31
16 30 7537711
26 90 181
56 90 631
8 50 46601
28 100 101
34 40 1120648576818041
86 90 86306335830799838011
18 50 14436295738510501
78 100 2248313994601
38 100 1993099906542710819727884501
88 200 401
188 200 2254601
48 150 751
98 150 299401
148 150 2012875525822725447651340174136551

<9>
0 1 2

<10>
0 2 3
0 7 43
1 7 45319
3 14 1623931
5 28 29
19 28 1933
9 28 55527473
23 56 113
51 56 449
11 56 2521
25 56 77001139434480073
39 112 337
95 112 394129
53 112 236352238647181441
109 112 3090443962383595123379137
13 42 3421169496361
27 84 19069
69 84 520799717831587692709
41 126 3304981
83 126 468843103
125 126 71596275661