1680272036922382123851318238004662507112700146702881 (7)
1710722935838736219810998599964873675723523532146751 (7)
2054184343920659068655718215577001679039511158828371 (7)
4060543064399218284679327851331016747915082443404171 (7)
4283282888452346468831101463435911641154658577539281 (7)
4619943080532647083045232571808195525593101894781661 (7)
4726134794012521519209194037121216199885668726253431 (7)
6143879184168865519930961955390540253177405230269551 (7)
9876046465059066773466405303255000487229845035052501 (7)
10889273076209833773546124961372686833645821134466551 (7)
15490604847489167420895185950365407986980798484177831 (7)
15697732789356753657372199579942478880069647908009231 (7)
21948050294847587282883037733359224128532868282670791 (7)
24076367184082508842623336737573171238189859116054781 (7)
24857734158814336025751175467059808077416824666403831 (7)
25171517533434634578026054323807161743812618942805131 (7)
25781772096489284176243404927964084046734094707944211 (7)
29885378514922627016535761523495485591303329412329291 (7)
34357178035989246286147705033692993753288712868629591 (7)
38750145280673426017996009028155945082829832738247791 (7)
38991897594912907267137836876408586035658907737406231 (7)
39340459914996046791955497872450597128133053596167281 (7)
42133286522207649867079887618121132125393748663171561 (7)
46626571702915757559729372094371784208378647097018551 (7)
46766305777130905289412372334026763378044557454588391 (7)
54631757509916073679810013036287399493586425314036741 (7)
54985111595818537960844679571521118942542477390811801 (7)
56075161033169447020274455777325226359007078985482721 (7)
56482306554721105338841958688001349293630981509640861 (7)
56792071028976808934289671608652431435235499603191701 (7)
57121466285782649434239310447927609101782020589896711 (7)
59419504428876234939988386291899484450701367145196281 (7)
59904245642082765117295785353357465287064525199774841 (7)
60467664558580788872488856009930915589533820834002791 (7)
61570543562480212601789969627119274412062881012388641 (7)
61576417339936159077152750610644594332911669279631621 (7)
61638555722496434948095854699517715600838324106781041 (7)
64713787366866306720267635416260868897855234022546491 (7)
65543999438337057224833337061379113499930017795231901 (7)
66799751229182035273444724170844877630865698928967941 (7)
70769188204674284939660925669008445193941559528960741 (7)
70886818326884160406794513260133930977255450880853051 (7)
71702500527805990682831230367057963143546389992463721 (7)
74973421705313447660510398587565722224630824811640031 (7)
75841658757156904295056208704979458945884606314372101 (7)
77739352594700453716868370145515055479057594654952771 (7)
86648327264461797243427442947234501743288135992226331 (7)
89354592940743662786889797146216111591198267120913011 (7)
92173542400325133081390765476512411499602257376445281 (7)
96837630846528526439194802236854603386216393581436821 (7)
101275888006859872415287706972710153052828433511639051 (7)
103206660485865857250985003425730445982360387357219661 (7)
105312255130731722708664018098938550240312855156795281 (7)
106410960661175605521259997859411550171712513145297961 (7)
107253384006831086856185165233437696714499251473567461 (7)
109513397169551966231954132605114079944239600298820371 (7)
110015914288217281795227842537767107909487249162160581 (7)
110475305514508674552548502617694760666397742063374701 (7)
111049235401191023579443391876366151879859606175826931 (7)
112398503912058307354225370960379772645361521564352521 (7)
113274624191540007942547545029366965049859729425752801 (7)
113653019118175717723813014704892837845592194641826881 (7)
114917890721386507405224509130884756590477310190492811 (7)
115458896539697366978112231297690538773918334804977811 (7)
117472674768541332268278301123160747427023954427123691 (7)
120868491003533124827355549203891098509314202928729681 (7)
125953481976382366932866233810008188934645456283790551 (7)
128437626120974888131688686079361253354668515306472961 (7)
129566318831062287160610442439937202355664618659321381 (7)
131690616819932613763523575508054877940530333309854911 (7)
134367668182025692890049992710028975550534649109359401 (7)
135355390233170376510265005465997246451159834048376301 (7)
139643556922193195444851059280718963403451521149817121 (7)
142582300527257784644777166090807972223903166855699641 (7)
145518570962867238486655786170991583182944796449058801 (7)
146481561319460568526395931627905875469469820262842101 (7)
149480588429994082078729527479438957161790608711481521 (7)
149673495647494640006433492412059990351771865488303601 (7)
150366292241114432179485712626809566279252629008909821 (7)
150674974703733514055787650103127036856490265053231691 (7)
150711917672469598466621983131088917411302380734049381 (7)
153399943724019840744484122697018218031313643032876281 (7)
154519362048650482180727803820448925052022185963762101 (7)
