1635784379379702783053 (7)
39048371493598232000603 (7)
257168087873791201570103 (7)
494075952892295715670733 (7)
503831152569696840534923 (7)
531411499930088569667243 (7)
539799238250933959357973 (7)
564124642382340910401353 (7)
600737938703643059200613 (7)
613911791772433521998453 (7)
803825210171276151264683 (7)
1014520189185944671406453 (7)
1041907936355272212486173 (7)
1148704742300364487652873 (7)
1153028616589755509433743 (7)
1190961224219847346393313 (7)
1251803624577024352209653 (7)
1295995738416702300878723 (7)
1390841702506261707381593 (7)
1446397227618726751154063 (7)
1517437808092752514355573 (7)
1648492608102379274747243 (7)
1665402904877814985765523 (7)
1838974197064861258768643 (7)
1896513504145287439482893 (7)
1997744164568624679929453 (7)
2082700108847038029931313 (7)
2249713364528348699743403 (7)
2266325131007634919280153 (7)
2346263840308826170511783 (7)
2355104189078672402126123 (7)
2362211136128940941267063 (7)
2395338368991981286314263 (7)
2470895423946462259349243 (7)
2523138225772623268616993 (7)
2524823477444434914077243 (7)
2573763185993845098242903 (7)
2686771348100757438105953 (7)
2688995880307548810113483 (7)
2804228574621252521984063 (7)
2967948367035365576096693 (7)
2968660987742303071891313 (7)
3141336689040900870449843 (7)
3154703142300755521300283 (7)
3236355993302418046200053 (7)
3265351952067131557518983 (7)
3348651534702392890268483 (7)
3375933351766635127919273 (7)
3517273001979089530319783 (7)
3664034347570000826400983 (7)
3793914286414136039671793 (7)
3867449039362443038154473 (7)
3933828695212715450483063 (7)
3938817040161277921045403 (7)
4098029988104488974727193 (7)
4153441063073655877460213 (7)
4215506474644090477410563 (7)
4226349865401004264771943 (7)
4304092932524063772203933 (7)
4374334222205173154987153 (7)
4500718467581493355103273 (7)
4527836574483331032909353 (7)
