2655461951561695750872319093 (7)
9558868759038942603975421879 (7)
38666739886670277820089803323 (7)
54386185690709376715034530879 (7)
57733292021607435795326944351 (7)
62216023714774479206432855251 (7)
65533245167718091330651229317 (7)
98227301649883061275650339481 (7)
106624952355082655932455412567 (7)
121716815722078368749845312597 (7)
160477502428996070777874422179 (7)
172670532634410428856082499827 (7)
250998797753015900726139782953 (7)
280405517660191705502994558457 (7)
318658161441883809277764998137 (7)
379922161248500069229545780437 (7)
400393302647296234140262773547 (7)
411181743588851585282990999113 (7)
499162824286743423964963010377 (7)
546082082675225145001204877797 (7)
580180728421249121881683840043 (7)
600173711772774135495216202657 (7)
671449145694130125731800185967 (7)
830018308120425674660653274203 (7)
830257387144061250309245589451 (7)
882436384052525635614518392327 (7)
892268508899538684162877356901 (7)
938500415095068125209416317983 (7)
1084458159024587058675024776887 (7)
1150952012473231535939762455237 (7)
1221061936154364094889458901713 (7)
1231760722462056105163965009061 (7)
1237169885371811004213366141547 (7)
1238664129269533352017068111847 (7)
1287824753504598594758862934717 (7)
1363493264485258287538330710709 (7)
1445437599836351841093346761961 (7)
1473081111944215275461833212511 (7)
1514830286446577673097266262693 (7)
1543191035625347834411529658987 (7)
1738040439888341988014266586107 (7)
1796076872875877976710051112559 (7)
1844938648331398749891105541369 (7)
1895354437440550764788010019291 (7)
1972337883051206123634735529147 (7)
1982349317165945853919538730157 (7)
1997560720044759354561224787811 (7)
2110914062125976658950056254769 (7)
2307646213700100970785457664467 (7)
2314220886850079301121746333787 (7)
2323933472185274561845809140737 (7)
2361020605726743234333692043583 (7)
2370553881794211813321310614097 (7)
2439259216211485365335527208491 (7)
2445535040581919226111075483751 (7)
2527598915444830567490387692627 (7)
2536893112488663570829413947893 (7)
2673437119862531713131699993907 (7)
2688349673961800744212645657501 (7)
2696747324667000338869450730587 (7)
2750719414252731541539165897823 (7)
2765602083474046125664037522011 (7)
2826597119379072363011151949657 (7)
2873964650936870788388504408167 (7)
2878477267507992278755684358473 (7)
2903132291820411017516766868423 (7)
2939771152192562985663539180179 (7)
2942401021452554317798054647907 (7)
