3135302393 (7)
4857763133 (7)
4958426423 (7)
6770365643 (7)
11557464323 (7)
14499069353 (7)
17731479443 (7)
22708719893 (7)
32775048893 (7)
35269261523 (7)
41387352593 (7)
42763084223 (7)
60681149843 (7)
66262370033 (7)
70870511753 (7)
76597134473 (7)
77447180033 (7)
85880526773 (7)
96416617793 (7)
107400101213 (7)
112444450523 (7)
112712885963 (7)
112645777103 (7)
126772192133 (7)
128729533883 (7)
130653321203 (7)
131503366763 (7)
139064298323 (7)
154320379163 (7)
154734217133 (7)
159890414543 (7)
160348991753 (7)
169397503043 (7)
175839953603 (7)
180403356083 (7)
182282404163 (7)
187047133223 (7)
187662297773 (7)
193758019223 (7)
194060009093 (7)
210378646883 (7)
213611056973 (7)
222804970793 (7)
232278504863 (7)
242277725003 (7)
244335730043 (7)
253854003353 (7)
253809264113 (7)
254849451443 (7)
259804322273 (7)
263316352613 (7)
286401800453 (7)
290159896613 (7)
299230777523 (7)
299320256003 (7)
329418579713 (7)
362011116053 (7)
359405055323 (7)
389145465113 (7)
398249900453 (7)
411895368653 (7)
413226361043 (7)
414792234443 (7)
424668421673 (7)
428762062133 (7)
432788593733 (7)
441814735403 (7)
448100598623 (7)
448313110013 (7)
456556314983 (7)
458412993443 (7)
461678957963 (7)
464094876923 (7)
476319874253 (7)
484932177953 (7)
490647615863 (7)
496128172763 (7)
508129473893 (7)
518632010483 (7)
521092668683 (7)
526752182543 (7)
550307392403 (7)
551940374663 (7)
552622648073 (7)
