154304792329539083 (7)
563015560160483753 (7)
1997088429742745753 (7)
1822609563943570543 (7)
4305945749770187573 (7)
8794593831562667633 (7)
9889269455343794293 (7)
17145678175430040013 (7)
19834564805896781263 (7)
19937340028216843373 (7)
24782116205955585163 (7)
26732455308587461483 (7)
27853422268310929613 (7)
28627821617885351093 (7)
28618261132088136013 (7)
31622643793862974903 (7)
32342070350103409673 (7)
33336360873013777993 (7)
35738432929564066843 (7)
37251379806973353253 (7)
38821689599165930143 (7)
39359466925259278393 (7)
44330919539811119993 (7)
44708558728801115653 (7)
48174234830291582153 (7)
49127893288563786383 (7)
54051543474129552583 (7)
54053933595578856353 (7)
54312066712103663513 (7)
60227617299130494263 (7)
62364385874808064643 (7)
63776947651346592713 (7)
66793280920367950453 (7)
68143699539224580503 (7)
71757563170571880743 (7)
73009986810007056223 (7)
84011715841152309533 (7)
86908543037708478773 (7)
87238379797712399033 (7)
95412595154331292433 (7)
95606194991724897803 (7)
97312741706527789583 (7)
98567555467412268833 (7)
101944797075278495843 (7)
102224441284847036933 (7)
102504085494415578023 (7)
110111842067549477933 (7)
110367585062624981323 (7)
113142516065266658293 (7)
116820912975745160323 (7)
119316199768818296203 (7)
125726505495851007343 (7)
131823705313024924613 (7)
139402780428767179283 (7)
142204002767351197723 (7)
142820654101271570383 (7)
145425886481012679683 (7)
146879080322189371843 (7)
149498653430626303763 (7)
153669415359661382413 (7)
154345819729814349323 (7)
160060600115099663393 (7)
160144254365825295343 (7)
163320725771950005673 (7)
169989164615507523973 (7)
170020236194348472983 (7)
174573417555272154833 (7)
174974957958755188193 (7)
175115975124264110623 (7)
175742186943981698363 (7)
177518047180814399473 (7)
185615778651055572233 (7)
186132044884105186553 (7)
186483392737152840743 (7)
190276515477197923733 (7)
197372786060180816863 (7)
198290592696713464543 (7)
203173610817641066653 (7)
210317683829610035183 (7)
221665980470904335143 (7)
222320873748013568123 (7)
223114394069182419763 (7)
223867282325713107313 (7)
224393109044559936713 (7)
224455252202241834733 (7)
224816160541086704003 (7)
228427634050984700473 (7)
231080668859711885173 (7)
231546742542326120323 (7)
231596935092761499493 (7)
232514741729294147173 (7)
233791066583222360353 (7)
234350355002359442533 (7)
237220890862973270303 (7)
