<1>
4 6 31
0 9 19
6 9 2467
1 12 13
7 12 97
3 18 46441
12 36 73
30 36 541
2 3 43

<2>
0 2 7
1 4 37
3 8 1297
7 16 17
15 16 98801

<3>
0 1 5

<4>
2 5 311
1 10 11
6 10 101
0 15 1171
10 15 1201
5 45 19
20 45 2161
35 45 112771
13 20 241
18 20 6781
8 40 68754507401
28 80 17761
68 160 353
148 160 1697
3 60 13
23 60 61
43 60 181
4 25 18198701
9 25 40185601
14 75 601
39 75 82051
64 150 151
139 150 168151
19 50 3655688315536801
44 100 343801
94 100 22243201
24 175 71
49 175 55987
74 175 3822701
99 175 37863211
124 350 2311
299 350 3851
149 350 631
324 350 701
174 350 29
349 350 197

<5>
1 2 7
2 6 31
4 9 19
4 12 13
10 36 55117
34 72 577
70 72 3313
0 24 1678321
6 48 5953
30 48 473896897
12 96 193
36 96 8641
60 96 4709377
84 96 688490113
18 120 41
42 120 3541
66 120 13441
90 120 74161
114 120 1950271