<1>
0 1 3

<2>
3 6 7
0 2 11
1 16 17
3 16 5882353
5 32 353
21 32 449
7 32 641
23 32 1409
9 32 69857
25 64 19841
57 64 976193
11 64 6187457
27 64 834427406578561
43 128 1265011073
107 128 15343168188889137818369
59 256 257
123 256 15361
187 256 453377
251 512 10753
507 512 8253953
13 80 5070721
29 80 1676321
45 160 1634881
125 160 18453761
61 160 947147262401
141 160 5964848081
77 240 1132716961
157 240 19721061166646717498359681
237 240 39526741
15 96 66554101249
31 96 75118313082913
47 192 193
143 192 769
63 192 1253224535459902849
159 192 53763491189967221358575546107279034709697
79 1152 1153
367 1152 23041
655 2304 25597441
1807 2304 260241409
943 3456 1554750721
2095 3456 5079461695489
3247 3456 6123088911854233729
175 864 196482241
463 864 3199044596370769
751 864 433
271 576 577
559 576 317752351489
95 384 3457
191 384 12289
287 384 418725889
383 768 434689
767 768 859393

<3>
0 7 239
1 7 4649
2 14 909091
9 28 29
23 28 281
3 21 43
10 21 1933
17 21 10838689
4 28 121499449
11 56 7841
39 56 127522001020150503761
18 84 226549
46 84 4458192223320340849
74 168 11189053009
158 336 337
326 672 1454209
662 672 9396577
25 140 421
53 140 3471301
81 140 13489841
109 140 60368344121
137 140 848654483879497562821
5 35 71
12 35 123551
19 35 102598800232111471
26 70 4147571
61 70 265212793249617641
33 105 30703738801
68 105 625437743071
103 105 57802050308786191965409441
4 6 7
6 42 127
13 42 2689
27 42 459691
20 63 10837
41 63 23311
62 63 45613

<4>
0 1 3

<5>
0 5 41
1 5 271
2 10 9091
7 20 3541
17 20 27961
3 15 31
8 15 2906161
13 45 238681
28 45 4185502830133110721
43 135 1577071
88 135 16357951
133 135 310362841
4 25 21401
9 25 25601
14 25 182521213001
19 50 251
44 50 5051
24 50 78875943472201
49 100 60101
99 100 7019801

<6>
0 3 37
2 6 7
4 6 13
1 30 211
7 30 241
13 30 2161
19 60 61
49 60 4188901
25 90 29611
55 90 3762091
85 90 8985695684401
5 36 999999000001
11 72 3169
47 72 98641
17 108 109
53 108 757
89 108 153469
23 144 8929
59 144 111994624258035614290513943330720125433979169
95 288 13249
239 288 1067329
131 432 70541929
275 432 14175966169
419 432 440334654777631
29 180 181
65 180 4999437541453012143121
101 180 1105097795002994798105101
137 360 265183201
317 360 100009999999899989999000000010001
173 540 541
353 540 329941
533 540 49229101
35 252 1009
71 252 43266855241
107 252 45121231
143 252 5274739
179 252 189772422673235585874485732659
215 504 41593295521
467 504 603812429055411913
251 252 1921436048294281

<7>
0 1 3

<8>
1 3 37
5 6 7
3 6 13
0 18 19
6 18 52579
12 18 333667
2 12 9901
8 24 99990001
20 96 97
68 96 206209
44 48 9999999900000001

<9>
1 2 11
0 4 101
2 8 73
6 8 137